<eps> 0
!SIL 1
. 2
0 3
00 4
01 5
02 6
03 7
04 8
05 9
06 10
07 11
08 12
09 13
1 14
10 15
100 16
101 17
102 18
103 19
104 20
105 21
106 22
107 23
108 24
109 25
11 26
110 27
111 28
112 29
113 30
114 31
115 32
116 33
117 34
118 35
119 36
12 37
120 38
121 39
122 40
123 41
124 42
125 43
126 44
127 45
128 46
129 47
13 48
130 49
131 50
132 51
133 52
134 53
135 54
136 55
137 56
138 57
139 58
14 59
140 60
141 61
142 62
143 63
144 64
145 65
146 66
147 67
148 68
149 69
15 70
150 71
151 72
152 73
153 74
154 75
155 76
156 77
157 78
158 79
159 80
16 81
160 82
161 83
162 84
163 85
164 86
165 87
166 88
167 89
168 90
169 91
17 92
170 93
171 94
172 95
173 96
174 97
175 98
176 99
177 100
178 101
179 102
18 103
180 104
181 105
182 106
183 107
184 108
185 109
186 110
187 111
188 112
189 113
19 114
190 115
191 116
192 117
193 118
194 119
195 120
196 121
197 122
198 123
199 124
2 125
20 126
200 127
201 128
202 129
203 130
204 131
205 132
206 133
207 134
208 135
209 136
21 137
210 138
211 139
212 140
213 141
214 142
215 143
216 144
217 145
218 146
219 147
22 148
220 149
221 150
222 151
223 152
224 153
225 154
226 155
227 156
228 157
229 158
23 159
230 160
231 161
232 162
233 163
234 164
235 165
236 166
237 167
238 168
239 169
24 170
240 171
241 172
242 173
243 174
244 175
245 176
246 177
247 178
248 179
249 180
25 181
250 182
251 183
252 184
253 185
254 186
255 187
256 188
257 189
258 190
259 191
26 192
260 193
261 194
262 195
263 196
264 197
265 198
266 199
267 200
268 201
269 202
27 203
270 204
271 205
272 206
273 207
274 208
275 209
276 210
277 211
278 212
279 213
28 214
280 215
281 216
282 217
283 218
284 219
285 220
286 221
287 222
288 223
289 224
29 225
290 226
291 227
292 228
293 229
294 230
295 231
296 232
297 233
298 234
299 235
3 236
30 237
300 238
301 239
302 240
303 241
304 242
305 243
306 244
307 245
308 246
309 247
31 248
310 249
311 250
312 251
313 252
314 253
315 254
316 255
317 256
318 257
319 258
32 259
320 260
321 261
322 262
323 263
324 264
325 265
326 266
327 267
328 268
329 269
33 270
330 271
331 272
332 273
333 274
334 275
335 276
336 277
337 278
338 279
339 280
34 281
340 282
341 283
342 284
343 285
344 286
345 287
346 288
347 289
348 290
349 291
35 292
350 293
351 294
352 295
353 296
354 297
355 298
356 299
357 300
358 301
359 302
36 303
360 304
361 305
362 306
363 307
364 308
365 309
366 310
367 311
368 312
369 313
37 314
370 315
371 316
372 317
373 318
374 319
375 320
376 321
377 322
378 323
379 324
38 325
380 326
381 327
382 328
383 329
384 330
385 331
386 332
387 333
388 334
389 335
39 336
390 337
391 338
392 339
393 340
394 341
395 342
396 343
397 344
398 345
399 346
4 347
40 348
400 349
401 350
402 351
403 352
404 353
405 354
406 355
407 356
408 357
409 358
41 359
410 360
411 361
412 362
413 363
414 364
415 365
416 366
417 367
418 368
419 369
42 370
420 371
421 372
422 373
423 374
424 375
425 376
426 377
427 378
428 379
429 380
43 381
430 382
431 383
432 384
433 385
434 386
435 387
436 388
437 389
438 390
439 391
44 392
440 393
441 394
442 395
443 396
444 397
445 398
446 399
447 400
448 401
449 402
45 403
450 404
451 405
452 406
453 407
454 408
455 409
456 410
457 411
458 412
459 413
46 414
460 415
461 416
462 417
463 418
464 419
465 420
466 421
467 422
468 423
469 424
47 425
470 426
471 427
472 428
473 429
474 430
475 431
476 432
477 433
478 434
479 435
48 436
480 437
481 438
482 439
483 440
484 441
485 442
486 443
487 444
488 445
489 446
49 447
490 448
491 449
492 450
493 451
494 452
495 453
496 454
497 455
498 456
499 457
5 458
50 459
500 460
501 461
502 462
503 463
504 464
505 465
506 466
507 467
508 468
509 469
51 470
510 471
511 472
512 473
513 474
514 475
515 476
516 477
517 478
518 479
519 480
52 481
520 482
521 483
522 484
523 485
524 486
525 487
526 488
527 489
528 490
529 491
53 492
530 493
531 494
532 495
533 496
534 497
535 498
536 499
537 500
538 501
539 502
54 503
540 504
541 505
542 506
543 507
544 508
545 509
546 510
547 511
548 512
549 513
55 514
550 515
551 516
552 517
553 518
554 519
555 520
556 521
557 522
558 523
559 524
56 525
560 526
561 527
562 528
563 529
564 530
565 531
566 532
567 533
568 534
569 535
57 536
570 537
571 538
572 539
573 540
574 541
575 542
576 543
577 544
578 545
579 546
58 547
580 548
581 549
582 550
583 551
584 552
585 553
586 554
587 555
588 556
589 557
59 558
590 559
591 560
592 561
593 562
594 563
595 564
596 565
597 566
598 567
599 568
6 569
60 570
600 571
601 572
602 573
603 574
604 575
605 576
606 577
607 578
608 579
609 580
61 581
610 582
611 583
612 584
613 585
614 586
615 587
616 588
617 589
618 590
619 591
62 592
620 593
621 594
622 595
623 596
624 597
625 598
626 599
627 600
628 601
629 602
63 603
630 604
631 605
632 606
633 607
634 608
635 609
636 610
637 611
638 612
639 613
64 614
640 615
641 616
642 617
643 618
644 619
645 620
646 621
647 622
648 623
649 624
65 625
650 626
651 627
652 628
653 629
654 630
655 631
656 632
657 633
658 634
659 635
66 636
660 637
661 638
662 639
663 640
664 641
665 642
666 643
667 644
668 645
669 646
67 647
670 648
671 649
672 650
673 651
674 652
675 653
676 654
677 655
678 656
679 657
68 658
680 659
681 660
682 661
683 662
684 663
685 664
686 665
687 666
688 667
689 668
69 669
690 670
691 671
692 672
693 673
694 674
695 675
696 676
697 677
698 678
699 679
7 680
70 681
700 682
701 683
702 684
703 685
704 686
705 687
706 688
707 689
708 690
709 691
71 692
710 693
711 694
712 695
713 696
714 697
715 698
716 699
717 700
718 701
719 702
72 703
720 704
721 705
722 706
723 707
724 708
725 709
726 710
727 711
728 712
729 713
73 714
730 715
731 716
732 717
733 718
734 719
735 720
736 721
737 722
738 723
739 724
74 725
740 726
741 727
742 728
743 729
744 730
745 731
746 732
747 733
748 734
749 735
75 736
750 737
751 738
752 739
753 740
754 741
755 742
756 743
757 744
758 745
759 746
76 747
760 748
761 749
762 750
763 751
764 752
765 753
766 754
767 755
768 756
769 757
77 758
770 759
771 760
772 761
773 762
774 763
775 764
776 765
777 766
778 767
779 768
78 769
780 770
781 771
782 772
783 773
784 774
785 775
786 776
787 777
788 778
789 779
79 780
790 781
791 782
792 783
793 784
794 785
795 786
796 787
797 788
798 789
799 790
8 791
80 792
800 793
801 794
802 795
803 796
804 797
805 798
806 799
807 800
808 801
809 802
81 803
810 804
811 805
812 806
813 807
814 808
815 809
816 810
817 811
818 812
819 813
82 814
820 815
821 816
822 817
823 818
824 819
825 820
826 821
827 822
828 823
829 824
83 825
830 826
831 827
832 828
833 829
834 830
835 831
836 832
837 833
838 834
839 835
84 836
840 837
841 838
842 839
843 840
844 841
845 842
846 843
847 844
848 845
849 846
85 847
850 848
851 849
852 850
853 851
854 852
855 853
856 854
857 855
858 856
859 857
86 858
860 859
861 860
862 861
863 862
864 863
865 864
866 865
867 866
868 867
869 868
87 869
870 870
871 871
872 872
873 873
874 874
875 875
876 876
877 877
878 878
879 879
88 880
880 881
881 882
882 883
883 884
884 885
885 886
886 887
887 888
888 889
889 890
89 891
890 892
891 893
892 894
893 895
894 896
895 897
896 898
897 899
898 900
899 901
9 902
90 903
900 904
901 905
902 906
903 907
904 908
905 909
906 910
907 911
908 912
909 913
91 914
910 915
911 916
912 917
913 918
914 919
915 920
916 921
917 922
918 923
919 924
92 925
920 926
921 927
922 928
923 929
924 930
925 931
926 932
927 933
928 934
929 935
93 936
930 937
931 938
932 939
933 940
934 941
935 942
936 943
937 944
938 945
939 946
94 947
940 948
941 949
942 950
943 951
944 952
945 953
946 954
947 955
948 956
949 957
95 958
950 959
951 960
952 961
953 962
954 963
955 964
956 965
957 966
958 967
959 968
96 969
960 970
961 971
962 972
963 973
964 974
965 975
966 976
967 977
968 978
969 979
97 980
970 981
971 982
972 983
973 984
974 985
975 986
976 987
977 988
978 989
979 990
98 991
980 992
981 993
982 994
983 995
984 996
985 997
986 998
987 999
988 1000
989 1001
99 1002
990 1003
991 1004
992 1005
993 1006
994 1007
995 1008
996 1009
997 1010
998 1011
999 1012
</nse> 1013
</s> 1014
</uni> 1015
JIDS 1016
PHONE 1017
UFCP 1018
V数据链 1019
a1 1020
a2 1021
ai1 1022
ai2 1023
ai3 1024
ai4 1025
an1 1026
an3 1027
an4 1028
ang1 1029
ang2 1030
ang4 1031
ao1 1032
ao2 1033
ao3 1034
ao4 1035
ba0 1036
ba1 1037
ba2 1038
ba3 1039
ba4 1040
bai1 1041
bai2 1042
bai3 1043
bai4 1044
ban0 1045
ban1 1046
ban3 1047
ban4 1048
bang1 1049
bang3 1050
bang4 1051
bao1 1052
bao2 1053
bao3 1054
bao4 1055
bei0 1056
bei1 1057
bei3 1058
bei4 1059
ben1 1060
ben3 1061
ben4 1062
beng1 1063
beng2 1064
beng4 1065
bi1 1066
bi2 1067
bi3 1068
bi4 1069
bian1 1070
bian3 1071
bian4 1072
biao1 1073
biao3 1074
biao4 1075
bie1 1076
bie2 1077
bie3 1078
bin1 1079
bin4 1080
bing1 1081
bing3 1082
bing4 1083
bo0 1084
bo1 1085
bo2 1086
bo3 1087
bo4 1088
bu1 1089
bu2 1090
bu3 1091
bu4 1092
ca1 1093
ca3 1094
cai1 1095
cai2 1096
cai3 1097
cai4 1098
can1 1099
can2 1100
can3 1101
can4 1102
cang1 1103
cang2 1104
cao1 1105
cao2 1106
cao3 1107
ce4 1108
cen2 1109
ceng1 1110
ceng2 1111
ceng4 1112
cha1 1113
cha2 1114
cha3 1115
cha4 1116
chai1 1117
chai2 1118
chai4 1119
chan1 1120
chan2 1121
chan3 1122
chan4 1123
chang1 1124
chang2 1125
chang3 1126
chang4 1127
chao1 1128
chao2 1129
chao3 1130
chao4 1131
che1 1132
che3 1133
che4 1134
chen1 1135
chen2 1136
chen3 1137
chen4 1138
cheng1 1139
cheng2 1140
cheng3 1141
cheng4 1142
chi1 1143
chi2 1144
chi3 1145
chi4 1146
chong1 1147
chong2 1148
chong3 1149
chong4 1150
chou1 1151
chou2 1152
chou3 1153
chou4 1154
chu1 1155
chu2 1156
chu3 1157
chu4 1158
chuai1 1159
chuai4 1160
chuan1 1161
chuan2 1162
chuan3 1163
chuan4 1164
chuang1 1165
chuang2 1166
chuang3 1167
chuang4 1168
chui1 1169
chui2 1170
chun1 1171
chun2 1172
chun3 1173
chuo1 1174
chuo4 1175
ci1 1176
ci2 1177
ci3 1178
ci4 1179
cong1 1180
cong2 1181
cou4 1182
cu1 1183
cu2 1184
cu4 1185
cuan1 1186
cuan4 1187
cui1 1188
cui3 1189
cui4 1190
cun1 1191
cun2 1192
cun3 1193
cun4 1194
cuo1 1195
cuo2 1196
cuo3 1197
cuo4 1198
da0 1199
da1 1200
da2 1201
da3 1202
da4 1203
dai1 1204
dai3 1205
dai4 1206
dan1 1207
dan3 1208
dan4 1209
dang1 1210
dang3 1211
dang4 1212
dao1 1213
dao3 1214
dao4 1215
de0 1216
de2 1217
deng1 1218
deng3 1219
deng4 1220
di1 1221
di2 1222
di3 1223
di4 1224
dia3 1225
dian1 1226
dian3 1227
dian4 1228
diao1 1229
diao4 1230
die1 1231
die2 1232
ding1 1233
ding3 1234
ding4 1235
diu1 1236
dong1 1237
dong3 1238
dong4 1239
dou1 1240
dou3 1241
dou4 1242
du1 1243
du2 1244
du3 1245
du4 1246
duan1 1247
duan3 1248
duan4 1249
dui1 1250
dui4 1251
dun1 1252
dun3 1253
dun4 1254
duo1 1255
duo2 1256
duo3 1257
duo4 1258
e1 1259
e2 1260
e4 1261
ei1 1262
en1 1263
en2 1264
en4 1265
er2 1266
er3 1267
er4 1268
fa1 1269
fa2 1270
fa3 1271
fa4 1272
fan1 1273
fan2 1274
fan3 1275
fan4 1276
fang1 1277
fang2 1278
fang3 1279
fang4 1280
fei1 1281
fei2 1282
fei3 1283
fei4 1284
fen1 1285
fen2 1286
fen3 1287
fen4 1288
feng1 1289
feng2 1290
feng3 1291
feng4 1292
fo2 1293
fou3 1294
fu1 1295
fu2 1296
fu3 1297
fu4 1298
ga1 1299
ga2 1300
ga3 1301
ga4 1302
gai1 1303
gai3 1304
gai4 1305
gan1 1306
gan3 1307
gan4 1308
gang1 1309
gang3 1310
gang4 1311
gao1 1312
gao3 1313
gao4 1314
ge1 1315
ge2 1316
ge3 1317
ge4 1318
gei3 1319
gen1 1320
gen2 1321
gen4 1322
geng1 1323
geng3 1324
geng4 1325
gong1 1326
gong3 1327
gong4 1328
gou1 1329
gou3 1330
gou4 1331
gu1 1332
gu3 1333
gu4 1334
gua1 1335
gua3 1336
gua4 1337
guai1 1338
guai3 1339
guai4 1340
guan1 1341
guan3 1342
guan4 1343
guang1 1344
guang3 1345
guang4 1346
gui1 1347
gui3 1348
gui4 1349
gun3 1350
gun4 1351
guo1 1352
guo2 1353
guo3 1354
guo4 1355
ha1 1356
ha2 1357
hai1 1358
hai2 1359
hai3 1360
hai4 1361
han1 1362
han2 1363
han3 1364
han4 1365
hang2 1366
hang4 1367
hao1 1368
hao2 1369
hao3 1370
hao4 1371
he1 1372
he2 1373
he4 1374
hei1 1375
hen2 1376
hen3 1377
hen4 1378
heng1 1379
heng2 1380
hong1 1381
hong2 1382
hong3 1383
hong4 1384
hou2 1385
hou3 1386
hou4 1387
hu1 1388
hu2 1389
hu3 1390
hu4 1391
hua1 1392
hua2 1393
hua4 1394
huai2 1395
huai4 1396
huan1 1397
huan2 1398
huan3 1399
huan4 1400
huang1 1401
huang2 1402
huang3 1403
hui1 1404
hui2 1405
hui3 1406
hui4 1407
hun1 1408
hun2 1409
hun4 1410
huo1 1411
huo2 1412
huo3 1413
huo4 1414
ji1 1415
ji2 1416
ji3 1417
ji4 1418
jia1 1419
jia2 1420
jia3 1421
jia4 1422
jian1 1423
jian3 1424
jian4 1425
jiang1 1426
jiang3 1427
jiang4 1428
jiao1 1429
jiao2 1430
jiao3 1431
jiao4 1432
jie1 1433
jie2 1434
jie3 1435
jie4 1436
jin1 1437
jin3 1438
jin4 1439
jing1 1440
jing3 1441
jing4 1442
jiong1 1443
jiong3 1444
jiu1 1445
jiu3 1446
jiu4 1447
ju1 1448
ju2 1449
ju3 1450
ju4 1451
juan1 1452
juan3 1453
juan4 1454
jue1 1455
jue2 1456
jue4 1457
jun1 1458
jun4 1459
ka1 1460
ka3 1461
kai1 1462
kai3 1463
kai4 1464
kan1 1465
kan3 1466
kan4 1467
kang1 1468
kang2 1469
kang4 1470
kao1 1471
kao3 1472
kao4 1473
ke1 1474
ke2 1475
ke3 1476
ke4 1477
ken3 1478
ken4 1479
keng1 1480
kong1 1481
kong3 1482
kong4 1483
kou1 1484
kou3 1485
kou4 1486
ku1 1487
ku3 1488
ku4 1489
kua1 1490
kua3 1491
kua4 1492
kuai3 1493
kuai4 1494
kuan1 1495
kuan3 1496
kuang1 1497
kuang2 1498
kuang3 1499
kuang4 1500
kui1 1501
kui2 1502
kui3 1503
kui4 1504
kun1 1505
kun3 1506
kun4 1507
kuo4 1508
la1 1509
la2 1510
la4 1511
lai2 1512
lai4 1513
lan2 1514
lan3 1515
lan4 1516
lang1 1517
lang2 1518
lang3 1519
lang4 1520
lao1 1521
lao2 1522
lao3 1523
lao4 1524
le0 1525
le4 1526
lei0 1527
lei2 1528
lei3 1529
lei4 1530
leng2 1531
leng3 1532
leng4 1533
li2 1534
li3 1535
li4 1536
lian2 1537
lian3 1538
lian4 1539
liang2 1540
liang3 1541
liang4 1542
liao2 1543
liao3 1544
liao4 1545
lie3 1546
lie4 1547
lin1 1548
lin2 1549
lin3 1550
lin4 1551
ling2 1552
ling3 1553
ling4 1554
liu1 1555
liu2 1556
liu3 1557
liu4 1558
long2 1559
long3 1560
lou0 1561
lou2 1562
lou3 1563
lou4 1564
lu0 1565
lu1 1566
lu2 1567
lu3 1568
lu4 1569
luan2 1570
luan3 1571
luan4 1572
lun1 1573
lun2 1574
lun4 1575
luo2 1576
luo3 1577
luo4 1578
lv2 1579
lv3 1580
lv4 1581
lve4 1582
ma0 1583
ma1 1584
ma2 1585
ma3 1586
ma4 1587
mai2 1588
mai3 1589
mai4 1590
man1 1591
man2 1592
man3 1593
man4 1594
mang2 1595
mang3 1596
mao1 1597
mao2 1598
mao3 1599
mao4 1600
me0 1601
mei2 1602
mei3 1603
mei4 1604
men0 1605
men2 1606
men4 1607
meng2 1608
meng3 1609
meng4 1610
mi1 1611
mi2 1612
mi3 1613
mi4 1614
mian2 1615
mian3 1616
mian4 1617
miao1 1618
miao2 1619
miao3 1620
miao4 1621
mie1 1622
mie4 1623
min2 1624
min3 1625
ming2 1626
ming3 1627
ming4 1628
miu4 1629
mo1 1630
mo2 1631
mo3 1632
mo4 1633
mou1 1634
mou2 1635
mou3 1636
mu2 1637
mu3 1638
mu4 1639
na2 1640
na3 1641
na4 1642
nai3 1643
nai4 1644
nan1 1645
nan2 1646
nan3 1647
nang1 1648
nang2 1649
nang3 1650
nao1 1651
nao2 1652
nao3 1653
nao4 1654
ne0 1655
ne4 1656
nei3 1657
nei4 1658
nen4 1659
neng2 1660
ni1 1661
ni2 1662
ni3 1663
ni4 1664
nian1 1665
nian2 1666
nian3 1667
nian4 1668
niang2 1669
niang4 1670
niao3 1671
niao4 1672
nie1 1673
nie4 1674
nin2 1675
ning2 1676
ning3 1677
ning4 1678
niu1 1679
niu2 1680
niu3 1681
niu4 1682
nong2 1683
nong4 1684
nou4 1685
nu2 1686
nu3 1687
nu4 1688
nuan3 1689
nuo2 1690
nuo4 1691
nv3 1692
nv4 1693
nve4 1694
o1 1695
o4 1696
ou1 1697
ou3 1698
ou4 1699
pa1 1700
pa2 1701
pa4 1702
pai1 1703
pai2 1704
pai4 1705
pan1 1706
pan2 1707
pan4 1708
pang1 1709
pang2 1710
pang3 1711
pang4 1712
pao1 1713
pao2 1714
pao3 1715
pao4 1716
pei1 1717
pei2 1718
pei4 1719
pen1 1720
pen2 1721
peng1 1722
peng2 1723
peng3 1724
peng4 1725
pi1 1726
pi2 1727
pi3 1728
pi4 1729
pian1 1730
pian2 1731
pian3 1732
pian4 1733
piao1 1734
piao2 1735
piao3 1736
piao4 1737
pie1 1738
pie3 1739
pin1 1740
pin2 1741
pin3 1742
pin4 1743
ping1 1744
ping2 1745
po1 1746
po2 1747
po3 1748
po4 1749
pou1 1750
pou2 1751
pu1 1752
pu2 1753
pu3 1754
pu4 1755
qi1 1756
qi2 1757
qi3 1758
qi4 1759
qia1 1760
qia4 1761
qian1 1762
qian2 1763
qian3 1764
qian4 1765
qiang1 1766
qiang2 1767
qiang3 1768
qiang4 1769
qiao1 1770
qiao2 1771
qiao3 1772
qiao4 1773
qie1 1774
qie2 1775
qie3 1776
qie4 1777
qin1 1778
qin2 1779
qin3 1780
qin4 1781
qing1 1782
qing2 1783
qing3 1784
qing4 1785
qiong2 1786
qiu1 1787
qiu2 1788
qiu3 1789
qu1 1790
qu2 1791
qu3 1792
qu4 1793
quan1 1794
quan2 1795
quan3 1796
quan4 1797
que1 1798
que2 1799
que4 1800
qun1 1801
qun2 1802
ran2 1803
ran3 1804
rang2 1805
rang3 1806
rang4 1807
rao2 1808
rao3 1809
rao4 1810
re3 1811
re4 1812
ren2 1813
ren3 1814
ren4 1815
reng1 1816
reng2 1817
ri4 1818
rong2 1819
rong3 1820
rou2 1821
rou4 1822
ru2 1823
ru3 1824
ru4 1825
ruan3 1826
rui2 1827
rui3 1828
rui4 1829
run4 1830
ruo4 1831
sa1 1832
sa3 1833
sa4 1834
sai1 1835
sai4 1836
san1 1837
san3 1838
san4 1839
sang1 1840
sang3 1841
sang4 1842
sao1 1843
sao3 1844
sao4 1845
se4 1846
sen1 1847
seng1 1848
sha1 1849
sha2 1850
sha3 1851
sha4 1852
shai1 1853
shai4 1854
shan1 1855
shan3 1856
shan4 1857
shang1 1858
shang3 1859
shang4 1860
shao1 1861
shao2 1862
shao3 1863
shao4 1864
she1 1865
she2 1866
she3 1867
she4 1868
shen1 1869
shen2 1870
shen3 1871
shen4 1872
sheng1 1873
sheng2 1874
sheng3 1875
sheng4 1876
shi1 1877
shi2 1878
shi3 1879
shi4 1880
shou1 1881
shou3 1882
shou4 1883
shu1 1884
shu2 1885
shu3 1886
shu4 1887
shua1 1888
shua3 1889
shuai1 1890
shuai3 1891
shuai4 1892
shuan1 1893
shuan4 1894
shuang1 1895
shuang3 1896
shui2 1897
shui3 1898
shui4 1899
shun3 1900
shun4 1901
shuo1 1902
shuo4 1903
si1 1904
si3 1905
si4 1906
song1 1907
song3 1908
song4 1909
sou1 1910
sou3 1911
sou4 1912
su1 1913
su2 1914
su4 1915
suan1 1916
suan4 1917
sui1 1918
sui2 1919
sui3 1920
sui4 1921
sun1 1922
sun3 1923
suo1 1924
suo3 1925
ta1 1926
ta3 1927
ta4 1928
tai1 1929
tai2 1930
tai3 1931
tai4 1932
tan1 1933
tan2 1934
tan3 1935
tan4 1936
tang1 1937
tang2 1938
tang3 1939
tang4 1940
tao1 1941
tao2 1942
tao3 1943
tao4 1944
te4 1945
teng2 1946
ti1 1947
ti2 1948
ti3 1949
ti4 1950
tian1 1951
tian2 1952
tian3 1953
tian4 1954
tiao1 1955
tiao2 1956
tiao3 1957
tiao4 1958
tie1 1959
tie3 1960
tie4 1961
ting1 1962
ting2 1963
ting3 1964
tong1 1965
tong2 1966
tong3 1967
tong4 1968
tou1 1969
tou2 1970
tou4 1971
tu1 1972
tu2 1973
tu3 1974
tu4 1975
tuan1 1976
tuan2 1977
tuan3 1978
tuan4 1979
tui1 1980
tui2 1981
tui3 1982
tui4 1983
tun1 1984
tun2 1985
tun3 1986
tuo1 1987
tuo2 1988
tuo3 1989
tuo4 1990
wa1 1991
wa2 1992
wa3 1993
wa4 1994
wai1 1995
wai3 1996
wai4 1997
wan1 1998
wan2 1999
wan3 2000
wan4 2001
wang1 2002
wang2 2003
wang3 2004
wang4 2005
wei1 2006
wei2 2007
wei3 2008
wei4 2009
wen1 2010
wen2 2011
wen3 2012
wen4 2013
weng1 2014
weng3 2015
weng4 2016
wo1 2017
wo3 2018
wo4 2019
wu1 2020
wu2 2021
wu3 2022
wu4 2023
xi1 2024
xi2 2025
xi3 2026
xi4 2027
xia1 2028
xia2 2029
xia4 2030
xian1 2031
xian2 2032
xian3 2033
xian4 2034
xiang1 2035
xiang2 2036
xiang3 2037
xiang4 2038
xiao1 2039
xiao2 2040
xiao3 2041
xiao4 2042
xie1 2043
xie2 2044
xie3 2045
xie4 2046
xin1 2047
xin4 2048
xing1 2049
xing2 2050
xing3 2051
xing4 2052
xiong1 2053
xiong2 2054
xiu1 2055
xiu3 2056
xiu4 2057
xu0 2058
xu1 2059
xu2 2060
xu3 2061
xu4 2062
xuan1 2063
xuan2 2064
xuan3 2065
xuan4 2066
xue1 2067
xue2 2068
xue3 2069
xue4 2070
xun1 2071
xun2 2072
xun4 2073
ya0 2074
ya1 2075
ya2 2076
ya3 2077
ya4 2078
yan1 2079
yan2 2080
yan3 2081
yan4 2082
yang1 2083
yang2 2084
yang3 2085
yang4 2086
yao1 2087
yao2 2088
yao3 2089
yao4 2090
ye1 2091
ye2 2092
ye3 2093
ye4 2094
yi1 2095
yi2 2096
yi3 2097
yi4 2098
yin1 2099
yin2 2100
yin3 2101
yin4 2102
ying1 2103
ying2 2104
ying3 2105
ying4 2106
yo1 2107
yong1 2108
yong2 2109
yong3 2110
yong4 2111
you1 2112
you2 2113
you3 2114
you4 2115
yu1 2116
yu2 2117
yu3 2118
yu4 2119
yuan1 2120
yuan2 2121
yuan3 2122
yuan4 2123
yue1 2124
yue3 2125
yue4 2126
yun1 2127
yun2 2128
yun3 2129
yun4 2130
za1 2131
za2 2132
za3 2133
zai1 2134
zai3 2135
zai4 2136
zan1 2137
zan2 2138
zan3 2139
zan4 2140
zang1 2141
zang3 2142
zang4 2143
zao1 2144
zao2 2145
zao3 2146
zao4 2147
ze2 2148
ze4 2149
zei2 2150
zen3 2151
zen4 2152
zeng1 2153
zeng4 2154
zha0 2155
zha1 2156
zha2 2157
zha3 2158
zha4 2159
zhai1 2160
zhai2 2161
zhai3 2162
zhai4 2163
zhan1 2164
zhan3 2165
zhan4 2166
zhang1 2167
zhang3 2168
zhang4 2169
zhao1 2170
zhao3 2171
zhao4 2172
zhe0 2173
zhe1 2174
zhe2 2175
zhe3 2176
zhe4 2177
zhen1 2178
zhen3 2179
zhen4 2180
zheng1 2181
zheng3 2182
zheng4 2183
zhi1 2184
zhi2 2185
zhi3 2186
zhi4 2187
zhong1 2188
zhong3 2189
zhong4 2190
zhou1 2191
zhou2 2192
zhou3 2193
zhou4 2194
zhu1 2195
zhu2 2196
zhu3 2197
zhu4 2198
zhua1 2199
zhuai4 2200
zhuan1 2201
zhuan3 2202
zhuan4 2203
zhuang1 2204
zhuang4 2205
zhui1 2206
zhui4 2207
zhun1 2208
zhun3 2209
zhuo1 2210
zhuo2 2211
zi1 2212
zi3 2213
zi4 2214
zong1 2215
zong3 2216
zong4 2217
zou1 2218
zou3 2219
zou4 2220
zu1 2221
zu2 2222
zu3 2223
zuan1 2224
zuan3 2225
zuan4 2226
zui3 2227
zui4 2228
zun1 2229
zun3 2230
zuo2 2231
zuo3 2232
zuo4 2233
上一页 2234
下一页 2235
东经 2236
中显 2237
主菜单 2238
侧滑角 2239
俯仰角 2240
兆 2241
关辐射 2242
关雷达 2243
再入 2244
分 2245
加载 2246
北纬 2247
南纬 2248
卫通 2249
发动机 2250
发动机燃油 2251
右显 2252
右移 2253
号目标 2254
号航路点 2255
塔康程序 2256
外挂 2257
实施干扰 2258
对 2259
导航参数 2260
导航吊舱 2261
左显 2262
左移 2263
应急处置 2264
度 2265
座舱温度 2266
开辐射 2267
开雷达 2268
引导 2269
态势 2270
惯导 2271
投箔条 2272
投红外 2273
捕控吊舱 2274
排气温度 2275
攻击 2276
故障清单 2277
数据链 2278
时间 2279
机场 2280
查故 2281
查看 2282
标校 2283
横滚角 2284
武器发射 2285
液压刹车 2286
燃油 2287
燃油油量 2288
电子战 2289
目标 2290
真空速 2291
瞄准吊舱 2292
短波 2293
确认 2294
磁航向 2295
秒 2296
空地参数 2297
系统工作模式 2298
综合信息 2299
罗盘 2300
自检测 2301
自飞控 2302
航区 2303
航路 2304
航路点 2305
舱外温度 2306
西经 2307
记录 2308
设置截止频率 2309
设置纬度 2310
设置经度 2311
设置起始频率 2312
识别 2313
超短波 2314
返回 2315
进场 2316
通导 2317
通导备 2318
通讯导航 2319
防拥 2320
降级 2321
雷达 2322
音量 2323
飞控 2324
飞行指示 2325
飞行计划 2326
马赫数 2327
高压转速 2328
#0 2329
